node_1,node_2,distance(km)
1841,1842,0.987
1917,3589,0.187
3099,1707,0.658
1714,1715,0.131
1719,1723,0.873
1719,1715,0.933
1719,1728,0.645
1723,1719,0.873
3468,1718,0.836
1718,3468,0.836
2919,2920,0.974
1707,3099,0.658
1715,1714,0.131
1715,1719,0.933
400,5344,0.99
5073,5379,0.39
1728,1719,0.645
2920,2919,0.974
1542,5328,0.755
1842,1841,0.987
2994,5319,0.242
5344,400,0.99
5319,2994,0.242
5323,5324,0.892
5324,5323,0.892
5328,1542,0.755
1037,1039,0.012
1039,1037,0.012
5379,5073,0.39
374,1040,0.009
1040,374,0.009
5374,5369,0.0
5369,5374,0.0
3589,1917,0.187
5095,5096,0.837
5096,5095,0.837
5097,5098,0.66
5098,5097,0.66
